17638
17670
3207
5939
11141
5940
6174
13553
4533
8406
17698
16431
4696
15199
6318
2152
5961
14236
18561
16812
14893
2406
11590
11453
446
13363
11100
14903
10436
8489
10662
2945
10069
12244
12047
14997
15011
9436
17148
801
3467
3692
887
5751
1858
824
15180
769
1126
770
783
9772
11235
2915
8570
5338
15607
12071
6383
15863
16828
15425
9125
810
16094
2293
9139
16620
15428
4525
11410
19494
4283
7872
56
9254
9256
15431
1638
1647
785
15458
17686
10228
10361
6562
10554
10558
17659
18163
15049
15524
5175
5531
15656
5962
6859
1634
5415
3585
15934
5927
16026
12003
13749
15640
10293
16072
19293
6712
16397
19721
10425
16225
13658
17247
1691
11158
8335
14849
6883
6297
18105
18113
1083
1701
2168
5836
12699
12882
16627
16849
5550
13478
12589
19011
3995
17612
548
100
3153
8690
19445
2892
13629
882
5374
2981
6229
40
60
19771
16854
10864
11509
19049
8106
8107
19064
1086
4473
11117
19195
19200
12247
15268
15927
229
16945
2053
6969
19550
12803
2609
8075
3227
18235
19867
627
1774
14985
8903
12498
9746
6107
2234
11032
19337
13928
13948
436
619
2220
889
871
8829
7386
14715
16961
16949
17090
17558
1911
16966
4733
4753
16521
18022
9838
13501
5207
2929
13886
13906
13162
17103
7066
4863
17505
13217
162
1964
3642
300
3646
14227
16888
5036
7094
14217
17092
1250
1974
1985
5740
7677
5229
13383
18158
13166
5474
17266
17925
8877
1939
9226
3916
6265
16238
15970
17311
14988
5617
9098
15697
13299
14619
3776
3643
271
1344
9177
9382
1118
17091
12757
12940
19789
11
5301
13817
14673
17262
14640
2612
2834
2003
15271
15468
5399
13393
13106
11282
11504
1012
7656
15166
8754
592
5734
9327
3823
4807
4768
8422
19687
5260
570
18451
5326
8143
9766
16021
8365
16202
5374
5524
17177
3965
16090
11986
16910
17121
5339
14828
18758
18870
13115
6955
9664
7187
13854
415
7290
6578
18576
7076
6563
4047
18437
17197
8140
4331
6876
16093
16315
7352
19661
4432
9135
7887
13841
2266
2273
2311
2489
16534
19530
5850
12411
14627
11127
13070
1580
10176
2964
10196
10316
10348
17415
8382
5083
5734
12274
1007
1014
1230
4848
10469
13658
13664
47
5256
67
16949
5590
19761
13184
14299
10548
11022
11030
15355
10637
18653
11155
16802
15868
10869
10653
4550
18843
3533
13216
4692
14979
15440
18579
15201
17574
12090
5093
16976
14718
11349
18844
4801
10752
14931
10770
1370
16233
6753
7224
7272
17295
4089
8272
16770
420
13974
3185
12029
3972
17619
1658
584
3880
8900
4010
5619
4012
10323
12695
7988
10183
915
918
16931
4564
4786
16541
989
15623
14391
7485
14919
19623
13491
9109
1523
13959
10359
4636
10373
13282
13616
13617
3803
13749
15566
3657
18925
13444
7658
7691
7913
13158
3383
13089
16035
3790
3353
2611
1953
9625
7064
6700
4546
13924
3957
15145
8042
13321
10002
14895
15117
17497
17663
3136
17677
3438
13555
3442
16467
13091
4031
13192
9773
346
13206
13615
15564
14454
1058
6941
15596
11701
13504
15609
15847
15286
7768
11387
12025
3841
7428
19379
11396
11398
16433
19738
19749
11818
11991
1763
12057
19945
14712
9567
11743
4516
1609
6205
6053
6184
6191
5563
5709
6275
18973
6407
12697
1440
18203
12273
9043
5123
8650
5571
14427
9903
12062
11276
15378
18951
1324
15840
2877
11917
5829
18965
10172
993
18881
18624
1751
13813
9788
8806
9028
15177
1757
19797
8625
19559
3198
19707
2209
9286
6458
16700
6156
11446
18866
8820
4447
4669
12118
4257
4277
749
14467
19346
7417
546
18279
19835
560
2847
3692
10888
10895
7414
3069
5826
18518
798
3026
890
4209
7914
5991
9710
17875
19879
2319
2495
18434
19655
18598
14620
16907
5727
6784
3042
4004
14236
6844
6887
12032
11133
5981
10386
371
373
9342
17036
16966
16986
19922
16124
18743
17168
18576
352
7254
416
2724
17205
8670
7866
11132
6433
19541
7879
4374
4688
4596
8729
19885
17489
7762
11875
3237
11826
11964
19139
17457
19693
18786
5985
1569
11950
17235
1575
18484
13910
2576
679
8331
2473
2669
11357
5175
10885
6157
17764
17861
18294
18296
14380
9644
5625
9310
5740
14084
14677
18889
18896
18914
5278
19112
14792
17881
6264
11110
6822
6268
7518
5592
5459
4980
4441
8162
4527
4607
910
5856
9741
3720
7888
17179
7008
19551
15818
4772
11193
14520
5166
10100
13397
12323
692
2201
13201
7198
1354
2475
1776
1818
1974
11392
19249
16255
19257
12007
6218
8814
941
13531
949
959
17887
15066
1081
15943
8144
12706
8190
12126
12183
8273
9626
2673
9531
5943
16851
16838
12061
13755
16217
205
3079
2357
15286
752
19922
8555
10318
12355
2876
18770
19518
16673
11279
14413
11325
16809
19754
11981
11333
4948
17397
642
18202
14089
10026
11087
9693
6693
13017
10356
5368
18001
11918
16097
11736
14295
19933
3814
17359
19582
11314
692
10435
1924
18521
2995
9085
16652
10176
16091
523
9365
2637
6596
7687
11395
11844
13038
9366
1509
17741
7312
1661
12621
17671
4370
4450
17965
11642
1712
4300
328
13142
1623
1806
19698
14807
14863
15085
42
1507
17365
6048
11971
4121
4063
19000
16531
11987
10122
17620
4924
7541
19211
15834
9218
6531
4638
17819
12053
4483
2089
15938
2109
14860
14880
18040
12976
9150
8035
9164
4292
2117
6779
7001
9494
16530
19995
889
14164
12151
9528
9996
3
7351
19981
9843
9863
8605
14154
14292
8827
16288
1166
12046
12422
1562
12713
15249
3284
3304
5568
6861
2006
2013
2051
15314
10950
6985
14870
1484
7237
8163
8167
18991
8661
985
8705
7584
6348
16144
13565
16526
12719
5475
14438
6529
5244
13173
17655
6654
12968
14396
10281
16634
12961
10635
11069
3439
12380
8905
2923
5133
11694
19648
867
2704
3889
8437
5861
8590
12600
4124
5052
19861
10434
6311
6683
10715
12320
10755
15504
10977
1786
4766
1319
13476
18673
1783
10464
3024
19457
14549
14217
12166
15080
4956
5553
5567
19548
17756
13836
2993
17829
10600
10620
8820
8665
2824
17519
1876
17559
16039
19576
6393
3042
7958
16171
9632
1940
13223
16493
2482
11616
12198
11327
12218
4989
5013
11561
13712
6790
3921
7109
8059
8207
13428
13540
16542
2367
8493
1208
18346
18810
9662
6452
5664
10692
13052
1757
10825
1979
9433
19890
9856
6360
8428
9994
12126
7042
7048
3829
6722
8387
15632
13375
4055
16487
6691
3817
4842
6211
5064
18381
10913
6405
15024
15565
13970
7334
14987
14671
404
13960
296
316
15489
11319
13807
2933
14029
1266
17024
2821
451
3420
9561
15613
15627
3287
280
12036
10637
7378
8646
5998
1714
6787
5762
5690
8183
2588
18757
2243
15243
14445
16602
16864
777
6409
16430
14926
19801
10891
10040
15667
1844
4674
1852
4925
555
3055
3228
3235
757
12805
9834
5339
8064
14543
18304
4998
5526
538
2605
15769
2623
2291
15682
6006
13596
1262
2328
3647
17847
15751
15831
18131
872
12336
17589
2033
2255
7549
12915
17759
7231
7251
19627
3746
14688
1677
19385
15683
12035
19619
15165
40
19275
19759
7030
9410
3880
18381
17655
12866
4820
19161
12876
15906
19443
1720
9175
13279
8588
14422
6805
5930
12412
9696
4797
10258
7578
17030
14
12408
8721
682
1512
1948
25
1322
3659
16836
2180
13672
18234
17729
13196
7426
16219
17495
6230
14687
7304
221
5733
6806
13870
10850
19335
14306
18931
18806
3513
13786
7460
12283
12285
6411
15016
19709
12423
12720
17938
6948
12419
19689
16391
12211
3064
9598
10035
8323
366
7625
11930
39
2475
15367
2750
7705
4199
11364
17838
4085
17779
4906
19884
9720
420
6389
551
7374
8550
11089
10849
2690
18461
5326
1567
16049
13362
10906
4463
6633
16964
19573
15007
12143
15462
15999
7873
15858
1813
3603
19033
15861
5822
16165
19759
12161
18788
11303
3917
101
8347
14738
9730
7279
3140
4077
14676
6001
16102
2095
8548
12074
7132
3157
16716
6658
7070
18927
13889
9244
14410
6102
18404
764
1101
7499
12574
19230
13531
8208
18134
5973
4418
12507
40
12921
9060
11657
2138
2799
7577
12322
18536
16073
10109
2341
12658
11855
5373
203
1339
11369
19290
6958
16684
784
5810
15954
2072
8486
8740
11347
13658
6038
9878
15980
12786
6789
16015
4020
16141
3686
16290
17651
16516
7615
18701
16090
3008
2102
2104
7296
16675
2397
2399
2158
9958
8845
3693
14211
18866
19651
5132
8848
10296
12823
5517
9864
15637
8400
329
12429
5471
3998
15668
13312
13813
2141
19412
697
17068
3232
3858
6678
3243
15191
7293
4991
9131
5362
7516
19608
19511
13720
1461
12989
19888
13343
16274
13899
10789
19657
19659
6527
13043
16695
12658
6994
15990
17881
14815
16184
2249
7743
1016
7702
5558
16090
18154
1472
15885
2561
11822
383
17159
220
6679
521
11054
17360
12980
1176
18166
2169
18166
12786
6221
6338
6707
4994
7825
8913
18956
14309
9374
5916
9187
7952
3413
6352
9816
9836
10014
6459
7855
15986
12064
18274
18710
12087
19102
17609
451
18708
10154
19781
13852
12753
16926
8046
13225
6875
19625
12758
19926
13187
8772
8166
11201
9733
2351
18336
17244
12078
18881
16979
10899
428
9818
4095
19368
17174
9220
19621
12438
4241
2559
17228
15197
15687
10062
15767
17640
10015
9783
12268
4402
5275
11643
3849
8197
10137
1803
1810
7760
9320
4265
9341
845
3890
859
11945
18266
1599
12481
12708
8026
12089
12344
6525
3553
14109
14831
17303
18299
12364
4098
15295
15896
18332
14096
16505
19347
18725
8663
17839
8638
3572
6086
15049
15946
10570
14555
17055
7761
9678
12348
5216
13385
14956
13647
6287
7572
2757
6376
16770
13520
5350
18963
19419
18465
10262
2867
16934
6406
11759
15356
12351
4118
4198
6443
12850
12861
4514
15472
4712
15725
15727
15738
19455
869
3543
19461
4203
16833
15028
15237
394
13103
18378
17072
17204
6584
13409
5042
8388
17441
17448
4436
14551
4142
7534
9345
9361
3530
3966
11609
16955
702
6339
9550
16544
19725
4210
19384
7252
17693
6067
8667
6354
11622
6374
15358
1796
1085
3739
14616
12204
18350
18370
570
4415
2442
13942
4376
11678
8047
5651
17155
8226
5665
5095
7405
4465
12174
12396
2929
3685
4809
5002
8095
12364
18112
14701
14935
14839
19806
6328
10584
5566
6011
5364
12384
9037
5817
11143
4093
16893
18659
10313
12400
6906
14251
6975
7067
18464
1620
9901
10604
10606
9412
14854
2780
15060
9544
16727
384
16980
11899
15588
804
6763
3882
1022
5779
17101
16993
7338
19408
18879
17517
19012
7497
6030
10355
10599
10791
11629
8407
13313
4840
3001
14151
15581
9265
14611
267
6017
9465
13593
8684
3695
12036
11857
19394
331
15401
10177
2489
2485
6317
2522
10143
8576
9098
1280
16046
549
6585
3943
10689
10691
46
10640
901
1516
12576
18935
13485
4375
13623
19195
4019
10466
14068
14862
5459
17997
15629
19712
2879
872
3777
8019
18006
14111
1152
1110
15416
15748
13136
731
19744
11189
7902
11614
19151
19314
4027
8714
8967
14488
10634
18741
14886
10149
4912
2040
17338
17340
5993
7302
15079
19341
4319
4821
2643
13652
1693
2700
19805
5130
9416
7004
7768
12996
4620
16859
15055
4058
794
1208
9752
4573
10370
6097
3318
4020
12764
17993
15967
4030
12234
4582
10965
4041
1956
9730
1379
19585
9200
12704
18341
18397
5892
11467
15512
12568
15318
3633
737
18972
11924
16894
6803
12437
18876
19611
10219
2082
1886
10162
14349
883
16453
2096
7197
842
623
15154
6032
15409
15329
13447
16838
15666
15863
26
687
9417
17387
14465
18048
15704
10026
11495
4113
4138
7004
15299
5982
488
515
10080
8640
14522
684
14246
1221
6013
18526
3403
19249
5668
11282
7616
19923
14251
14261
4147
3180
7013
11732
19457
12358
15211
1080
7257
3353
7259
4702
10540
3482
17384
19712
1938
7307
15801
12689
2705
10960
1642
2994
19187
11133
12526
11199
2856
11666
11929
3281
16571
15177
11317
704
15291
6364
14882
10641
8631
13896
19769
91
14426
4780
15950
7136
13444
9623
16874
17045
2606
17328
8209
11126
7377
3672
16764
5535
13502
18892
3667
5728
2983
11796
6164
7861
6656
8130
3588
10868
17418
16682
1564
6083
7337
9034
10107
2648
15781
19921
12164
8950
6141
2884
6273
6163
2421
7417
14631
9882
18669
4263
11669
16054
10160
5374
4305
5235
5239
17713
17674
15907
18771
15115
9601
16948
3424
9306
9352
11652
6756
7085
16409
16411
16873
3958
7299
13655
13675
11920
13679
12058
2635
12474
2721
14920
8816
9942
14967
8530
7521
14054
18810
8435
18629
18636
15558
18674
18852
18068
17355
11930
11934
10802
13690
8560
18546
19903
12360
12367
11227
12405
7069
12583
18052
12632
7387
8128
7389
17118
5266
19725
6856
457
2376
9120
11637
3085
14680
14649
9446
16315
5487
18292
3412
6160
16901
12169
1677
11052
7012
16626
4055
7262
7740
16989
2953
3033
19357
7371
2903
18167
11992
13834
1829
6548
1737
18566
8348
7148
13175
11260
4076
16144
8849
17759
16192
14343
14514
5901
15830
13014
201
2572
15648
12781
11517
11030
12103
18702
9112
11423
9442
3336
1033
19159
18228
18734
8080
6718
15070
15219
3210
11179
14055
9457
12784
19390
9007
18991
6903
5032
16247
8042
9012
18195
9016
12379
17423
2199
9295
7872
637
8567
8696
14316
481
5118
4631
5826
1988
8241
18134
1076
6266
1274
7009
16110
11934
16789
10029
15457
14769
11955
17724
17832
5271
7215
1757
16291
1642
11447
9468
1864
10097
582
3573
14306
1150
1706
3795
16440
17164
9755
912
12198
9021
143
19007
7336
2395
3458
19010
7431
3959
7440
15961
19012
7511
6704
3642
6030
9103
19087
14012
19906
9991
9394
10103
5852
13829
16454
3751
10117
9142
6575
1061
4017
17764
7402
12993
17838
9015
4784
2324
764
12363
3711
2560
18848
10092
8305
7454
1091
6301
15041
11560
8527
9588
14208
14949
10335
12939
14004
4273
16730
2655
5299
4403
504
8041
5453
14182
19870
15947
2916
2507
14347
7317
7330
3186
17228
7660
14348
9123
10891
4045
19517
4002
10906
7040
7262
411
9127
11183
6031
11060
11201
11204
1948
3022
6365
8368
1510
15080
4513
3379
11354
4645
13811
13815
8825
9021
14207
1147
11419
1033
13020
16903
9389
429
1244
18027
14480
1355
3088
9147
7433
15273
8838
5531
13514
928
12150
4618
7903
8444
5038
9090
9092
7229
2126
19399
6298
697
9782
14779
18680
10498
19887
5849
5476
2917
5094
6247
5215
4586
4943
1164
5591
19902
913
3329
6252
13229
762
4925
7093
7210
14999
15383
10048
7065
17094
13154
6149
17166
896
9292
19143
17095
8126
275
7194
13972
8943
9221
7420
4733
10675
4737
17839
14791
3007
16357
6835
11723
18418
5207
16286
18150
2342
4842
7804
15172
1772
15563
3302
2386
99
7396
2331
4315
409
11184
4769
17608
4789
7501
7705
19938
16046
14239
8077
9648
2206
2457
8390
11571
18860
1479
17906
18447
12468
11656
16912
17134
8632
8645
7379
19139
8366
16117
12433
14767
11767
19857
13119
2211
774
1043
17710
7428
7448
9936
3989
4544
159
2443
10256
12093
10478
14227
12651
7207
11002
16992
2071
9577
4385
6670
4279
7115
7411
19192
13065
11558
15450
1
1074
18902
18909
15465
18927
15914
5508
9357
15329
18847
15002
15584
85
17902
9269
18460
9292
6084
15565
13765
2824
2919
19287
2999
9281
9039
13661
10849
15888
7741
5829
5327
16646
5579
4026
5777
19625
6019
7623
10546
10200
3843
2623
4006
5079
2752
8139
12143
14377
14395
2954
17603
17729
5211
13656
598
3034
6976
6978
17517
5679
5864
14805
19271
9428
10095
12999
17983
7172
16508
9104
8566
11683
9980
11905
8788
13817
18392
8008
8155
186
5987
3528
2360
6254
19448
2181
2476
16185
7661
14219
1576
9875
2004
2226
6319
15162
6958
7764
7986
439
947
17494
4138
7008
11378
7056
14852
14872
605
14155
7431
9812
9444
2730
17768
2976
10484
17246
18359
3232
14850
9216
18704
1505
18831
2882
18817
10900
19782
4450
8893
17852
12560
9230
7702
7704
1951
19392
17227
18620
14574
1063
1109
15830
15229
12309
6297
6187
4964
16915
17098
7851
13048
8073
15182
4678
8026
11906
18875
17464
11552
12326
9215
12346
17759
627
3500
10797
11019
12040
1751
17883
18272
17897
14928
277
19100
9730
18299
9750
12844
13066
19488
52
3548
16319
18481
9494
18482
18495
11044
56
18386
11544
6872
7055
11323
19980
4407
2670
12615
4629
4666
8210
424
800
11051
14020
4938
3242
18294
9042
14867
643
370
3825
1013
6466
6590
1262
9354
3256
9469
16486
4330
6041
1984
6821
9435
9455
11815
10220
4253
15493
5937
123
6193
4469
4479
6195
6283
18782
6000
6211
105
3903
303
9146
8123
2461
9099
7857
10336
3542
3462
13803
3463
3476
18613
13630
13637
19075
15984
16524
16531
9821
19297
18118
15961
383
14712
403
2872
11293
14958
8998
16678
3322
2512
3010
8780
6158
2521
8816
16380
17709
6475
10184
14568
2686
13234
9568
14129
7563
2730
2776
3050
5399
6621
983
14172
1650
13899
14040
16518
16527
1336
5507
709
19260
9692
17101
14003
4696
5092
11230
1657
19526
4459
19388
16303
16322
11154
12227
13423
8308
14261
17510
14891
1055
5493
7688
15917
7617
7882
5691
10321
9018
5878
19573
9848
18334
10074
14271
11839
16104
16261
6332
6445
16483
10473
5617
18865
9635
7855
3213
3904
11860
7610
11783
5288
5510
16453
5446
3393
486
19805
11966
16820
14536
15045
12134
16929
18778
13245
11397
12263
8863
15254
12377
12560
1525
14729
5969
14924
15053
16897
1074
1470
7853
15602
3503
19913
17285
5373
4792
14075
16141
12835
13018
4731
4953
17502
8912
106
3598
8838
15399
9085
9094
9196
3469
19359
19255
5131
15515
11284
19723
15529
16784
1461
17046
18768
10471
6604
5760
4194
14553
4416
6068
696
17495
9635
8135
8861
5744
5751
13102
7300
13385
10269
9547
1929
2483
6618
12711
2053
11431
19175
5260
2144
7897
12242
18853
14602
15582
825
5679
4517
4695
8116
11837
8333
19079
16253
8470
2275
1160
7887
12628
5896
15383
10676
17248
843
4198
4218
8626
17399
11323
13132
13457
5440
13470
8837
4689
3640
12106
9968
7497
9988
12137
19627
5217
12261
15914
4350
12262
725
12275
9863
9664
7513
12605
3915
16086
879
1420
17408
10290
14509
7304
1153
11620
15434
4122
11466
12240
19606
6051
2505
2507
10392
13464
4884
5081
6052
19817
14075
7424
3211
18228
17431
18944
3987
7748
5715
5425
10247
10797
8060
16199
6086
2543
10682
9580
17206
8409
7812
16583
18301
4041
16349
8316
13584
16793
8954
4723
7202
10011
17787
7831
14465
14469
17908
14566
6433
6687
2949
8609
3369
19338
3089
3342
442
10537
8257
10735
9454
19346
1382
7934
12033
18639
67
13807
10058
8241
5471
4922
992
11323
13888
14599
14405
18701
12490
12725
10125
14296
9936
7998
9938
155
2515
6873
14406
3422
3426
10809
9954
8591
8598
10498
8642
15199
19023
12658
17030
2627
19923
2727
552
14878
14880
15480
14256
7935
219
13213
11258
3273
7463
81
7972
6077
18282
12072
12731
18711
4408
17907
8418
4469
6803
17667
17705
12152
7532
1417
6422
12642
1419
6927
2090
17754
9139
15290
6981
652
3677
11880
12271
5058
13363
19974
1210
11596
14452
1537
17478
17560
1057
436
14504
13600
3829
4902
11928
14734
633
6514
14212
19613
1622
5013
11991
12189
3868
8348
15185
13935
1102
18802
17362
13061
9731
4797
19921
17278
19233
17508
9692
7620
11044
10518
6532
6534
18974
6266
19090
19076
17213
16857
19330
3964
9459
12350
12597
12714
8855
19677
7671
7062
6007
4728
19522
16655
6106
6225
19962
19965
4071
18977
6356
442
4647
15230
6087
4197
12290
10692
10920
2856
8401
17239
19513
1033
8048
1469
733
14031
3172
17872
5917
7298
9891
10413
14149
19268
15154
1249
7796
951
17206
8508
5989
6200
555
18959
1848
14846
10149
2160
14879
14881
1446
2469
1578
12609
3305
1327
12534
9948
8398
1639
17301
16437
13126
7683
19590
6701
3807
19610
13924
4645
14720
4922
19930
435
5863
2888
8596
4353
3783
4174
19142
3364
3221
15607
19933
10569
9769
16336
10205
10909
634
9925
8711
72
662
6078
12450
19843
13220
10262
1361
18946
12907
13572
15786
3221
7369
16856
16479
8940
19345
3479
4072
4079
4295
3922
1997
17440
2404
16377
18271
6928
8156
16391
7047
3712
14448
17451
7504
6103
5405
19304
6170
1624
4909
14866
8858
13641
14273
16529
5771
18645
2232
11199
1183
19136
2948
17384
13805
6207
18676
256
17522
1331
16448
2534
10783
2554
10014
13038
10421
17198
5634
14088
9961
6713
12055
11580
4624
12069
4900
13130
2604
19441
2644
2625
2310
6990
15795
14759
2749
7598
2866
4759
9379
17262
1765
19170
17394
12545
11662
15088
453
17266
9892
9022
10938
1299
11567
10916
13642
4267
2742
4868
1902
2866
14963
15871
7204
19563
12236
12458
19583
2042
6958
6978
19729
12733
13653
13875
13560
297
7185
3133
4307
13632
18798
13770
18777
1715
18553
2171
5182
6631
9120
6645
3612
17153
3652
18587
3874
2471
2958
4346
16479
19635
5419
721
2779
5327
8567
1483
14463
11699
10106
6291
11737
1087
6995
11294
2613
16885
11212
6953
18794
302
14795
15017
10608
15545
12190
15559
14743
18812
19571
836
7701
14234
9822
19843
3031
9836
8915
12120
12684
9177
3986
8489
15135
10144
1355
3754
18995
5290
17988
17391
7852
10224
8779
8944
10573
18832
18310
10884
3644
11038
3829
14966
10760
10092
13833
14302
14386
6317
3031
1459
9973
6241
6068
6452
14492
4268
17797
1726
16988
714
8508
8958
17239
7882
6809
4794
13282
13289
6231
13505
19477
5614
244
11957
10524
13660
19237
5816
3771
4553
19695
19986
14992
15002
6112
15908
19415
5871
5988
15791
7404
11347
16816
19435
2341
1379
284
824
19461
6540
3474
6633
3522
2490
18472
6873
19221
9972
14903
18708
18555
12429
14484
9339
18768
11944
1899
5254
19257
19477
19656
3278
15447
13221
8703
15716
10574
10938
11094
11120
15211
17411
6539
10319
6132
946
7057
12338
3900
19120
6445
2368
11319
11404
19556
19851
1138
19082
8884
3026
3167
6463
7328
7382
18206
18339
11176
3066
19040
12904
19552
14583
15223
2118
3663
2200
2285
2850
18815
2891
2892
2913
8772
6646
11364
18138
15505
13937
36
14060
14093
1049
10367
10670
10703
14456
4989
14292
2093
10544
19709
2298
2007
15821
18323
17584
16607
2689
3819
2573
5430
11534
5803
17711
13582
16160
14479
6378
13910
14264
9452
1192
14804
15536
2017
3007
6174
6490
14442
16984
18476
1306
5667
14152
2950
17465
1722
8523
16403
16192
7087
2016
9761
2213
13144
2250
15152
17034
10959
10027
10056
17466
13720
16511
6077
14768
11075
14709
11715
15150
65
716
3033
5638
481
6126
6889
13305
14607
8745
5143
12277
14789
9132
6047
2266
2524
2526
10601
16020
17117
2956
11950
6848
18477
11516
2432
12418
14629
11368
13881
18131
5436
14908
19489
10936
3097
14916
6835
12327
15353
12328
13230
13303
8056
9129
19995
19303
13623
13804
4947
14034
14932
9153
7821
12714
12285
19902
17489
15011
18162
6085
6685
6703
19933
10912
196
14250
15817
2272
17772
9787
18860
12465
17272
16425
17283
10440
16808
2420
739
7134
5602
1764
15121
8646
1522
14835
2650
15143
7702
7339
15601
865
17569
2566
51
58
19949
8025
7354
5204
13690
16223
15711
18814
19210
5182
15163
12291
5737
17387
10387
12296
15341
6353
12797
6130
2390
6395
18159
2391
7840
8475
7504
11527
10825
1794
1538
2400
9825
16988
16997
1670
8834
8836
8852
14035
19316
12991
16746
15232
17432
19007
19624
11090
2404
15003
9156
9158
14488
1195
14277
15782
9490
11842
1942
2125
10225
10356
2254
2476
10569
9646
2388
17443
17626
2843
7147
3065
2102
183
6536
10729
7445
12508
7945
10014
6630
3379
13424
12560
33
6261
1203
13952
5175
3664
13781
3704
3926
11219
4262
9621
6088
1005
9804
241
16453
4685
4907
3976
11329
18289
296
9911
9863
10133
18522
4462
498
12353
12239
3987
5528
13996
17987
9242
12750
1631
1723
2486
12676
2606
11165
14934
7046
18011
13791
11472
12536
13895
19772
3591
14284
9280
18904
19496
3659
2533
15718
3837
14867
9745
2270
3774
17485
17668
7501
8581
8018
13653
8803
3488
5910
18194
363
15690
2618
1988
6224
19146
2204
6186
14865
4217
18467
18661
18668
6642
18020
6647
7827
3460
2427
202
7009
437
303
5371
17608
5624
6975
13390
16325
16042
16043
14190
10223
17720
13761
3339
14233
6571
16943
6449
6574
17042
6805
9753
17474
17476
2304
18902
3951
4796
4302
18774
8812
19347
10225
15715
18857
16936
11564
19453
1292
170
208
12187
9833
6823
6841
17501
10607
11686
2649
2038
9442
9347
6140
2723
9960
8911
14178
10003
11258
7398
14042
5441
5023
2730
16279
10191
6745
2959
12938
4701
16534
5788
6266
11611
14392
7238
3384
18969
6325
6482
16219
14020
12528
18116
2195
12666
10211
10319
16446
11202
9061
4518
4526
5024
6023
12832
13622
13032
13036
4232
10968
6936
19635
11180
6990
9081
15298
15300
8010
13619
13842
6575
10888
2820
13161
2999
2557
6966
2577
14413
4935
17900
17149
14427
19206
14480
19608
15521
15523
19863
13289
12519
3211
5046
5064
11645
12417
1044
16484
601
16396
1182
3511
12668
3868
2667
14329
13302
17243
9680
6674
11049
12658
17999
13266
7480
4419
583
11740
19232
19275
5181
3350
11459
2536
11194
4963
8260
18825
3236
6396
8553
17902
2025
13499
14191
12379
1665
14077
17518
4772
17
17591
18120
14097
5635
5667
17926
18837
6393
3825
13261
13378
11951
6479
1618
5311
14038
9759
10649
16606
12853
11871
11971
3936
6181
14126
2915
7040
7428
18353
7414
2919
2572
16781
13324
16448
5260
11313
11961
13034
7046
16779
6335
11897
16893
16905
6150
6492
11495
16736
12075
530
258
2158
3214
6159
11400
11548
15882
9529
15229
14808
14820
3488
6431
13511
3500
6072
19593
19609
13641
1373
16265
1411
14180
14196
145
6173
13834
6130
7143
4536
418
3830
1164
8485
3101
10064
11330
19926
6179
1737
9475
12603
4016
760
14979
12677
12790
12830
14418
17839
3215
14467
8939
2089
6195
16871
9642
19094
4536
10868
9802
331
4762
15690
4576
5334
7273
13950
18587
6560
698
13233
12367
4574
11042
435
6203
18702
1650
18350
2906
17581
4800
18067
5519
7853
9161
15289
18747
18831
16416
9557
8497
16798
13956
17461
18921
5706
17888
6204
9992
2640
10118
19603
8195
8040
11226
8979
1816
11628
5314
12082
6743
6311
1013
6221
4881
14898
4908
16450
6209
15010
19765
11886
4912
15545
10902
3525
7249
9325
16096
13094
19475
8850
4462
1442
8632
5110
4998
892
16156
5048
6117
13515
5228
18954
4353
4914
14227
10718
194
10863
3811
10911
11077
18584
2512
2662
11227
9828
14845
6833
10124
8483
3273
3696
12941
17935
18612
8849
4828
13190
19751
3245
1413
13077
13963
1892
12467
5013
11073
2182
10202
9487
13186
5746
16014
10755
14327
15214
5018
18032
18476
6355
9815
3050
8684
6907
5206
11461
15817
2208
6211
7150
1586
10245
9844
13783
19087
2825
7116
8163
2864
10357
11367
13978
13575
6360
12405
13148
2620
7127
5539
2892
3861
3016
9963
4132
5990
9034
3845
14829
6989
3217
11410
6258
16638
18623
9159
4279
10908
19105
16640
391
4522
5816
1652
18854
14067
10100
11343
2313
6262
6759
2657
15202
6747
2954
18560
15356
464
12394
6767
16858
4891
10584
2920
8681
13230
12802
6875
16903
3288
6888
6621
2282
2284
2300
7974
3373
10921
6714
16957
19681
13753
14353
1514
12782
12553
6272
6401
11330
2279
154
4200
17716
7094
14737
17188
7172
16363
3010
18916
3779
17172
17491
14389
7124
6278
3101
407
472
303
2162
3218
6291
5156
10258
6907
10709
11039
5674
11027
18356
18687
10375
10795
2884
19916
113
11007
14273
8544
13118
13589
18192
7292
18654
6099
14296
178
15258
2096
1598
17549
5002
17941
5063
5088
14560
8481
9124
4746
1255
16902
9589
17865
19530
14607
16310
15482
19076
10955
17729
7713
14629
1696
17823
8260
13235
14634
157
5176
5172
11969
11980
12176
3146
3228
3558
7717
1519
7261
14799
14801
14770
9446
7963
15392
7568
5237
7739
7746
12656
7783
14782
7718
17880
15954
884
6592
1811
918
16529
14690
14828
9424
11564
17172
15821
17901
7935
1896
5582
5459
11444
6292
7733
9598
13538
3898
5827
15299
14785
11777
9165
2555
18437
12412
8345
839
19987
2226
3484
5162
8445
2512
7737
9004
14686
15422
9174
6051
16895
17632
17494
13687
13691
17166
13871
17601
17646
11519
14893
5322
8054
19576
14194
17757
684
1602
1603
13083
3306
9034
9256
19143
13436
10786
19810
10219
6091
11416
1430
11671
5780
5607
13690
15779
7418
860
1146
899
13878
18205
1427
4751
14216
19931
1400
9104
4035
1589
7482
9457
9460
10631
15448
16326
13482
1586
674
7882
13805
6326
8397
3555
12352
6527
15958
15946
1705
11623
11057
4995
10364
1837
5831
11347
15274
8970
115
551
5520
4587
14741
3180
14646
14733
713
19766
4336
12473
12909
879
16174
11030
1044
14699
1124
2173
9214
9216
7090
1279
7421
11177
6889
14848
6091
15964
17
6619
17782
698
6907
8162
4488
7755
6943
16144
16669
5279
4591
17695
10259
7820
18074
3606
18640
2915
8621
18984
9874
12365
3739
15591
7053
15835
7624
6221
15281
3199
7275
5784
7594
3415
12008
12149
9395
16364
7643
5821
3346
13788
19394
4763
11432
1630
9617
4995
12454
7780
19422
5468
611
12390
6887
7681
5896
10791
9827
3507
12133
9353
3565
16368
16375
17406
18437
16591
16388
14763
5756
15923
19418
9511
16359
1517
10264
15119
16192
7382
2309
18065
16789
9861
958
18866
8370
16415
9373
18617
7083
13077
14019
9544
17430
18832
1571
7939
16951
648
16374
6215
13088
16842
9096
269
16784
1471
19786
13438
2649
14181
8204
11196
1037
17613
11026
393
12803
11365
17140
11541
11458
1535
6126
11662
11860
16541
1339
6361
12527
3449
7805
17740
5521
456
12978
5554
19389
17905
9281
17937
14287
441
10103
11299
12253
11274
11256
19585
8670
6295
17848
18563
6726
11991
16859
17631
7834
15724
8930
9157
2300
15248
8601
12313
13204
18168
7668
8619
5936
17750
19978
5787
9049
8504
6822
18649
10650
2464
4246
15199
7836
7837
7032
18737
1053
18897
14787
15035
12981
7844
19188
18474
1497
9741
2085
114
6380
4579
13094
8102
11838
8607
7845
2341
2885
19055
8930
2831
9084
2183
9162
9843
16614
10929
11457
19133
19522
13462
11961
17807
13052
7306
3065
294
15239
17913
13180
1135
14105
13668
11285
275
4103
2272
18473
7812
6949
17290
12944
13120
13191
15847
9760
2776
12204
18658
15492
7010
17871
8057
8492
8469
10662
14764
12117
15180
15184
17750
4835
5081
17657
7783
17659
17670
6194
15217
15414
2460
2249
5240
5099
16943
14236
8448
10567
45
3874
19720
11448
6296
7865
8584
5580
11528
534
3165
19793
2154
5902
2918
2932
16607
4990
13439
11319
15364
14355
13812
7572
13622
12547
10847
2524
18062
7898
735
7444
1225
12096
16681
4336
4354
742
11600
10423
9936
18801
8262
15763
14942
4851
9203
4755
1759
18860
2225
18691
11473
18907
16107
8689
19947
18366
3512
2519
6952
7372
2636
12859
2971
2973
2989
513
4062
11525
997
998
3420
16127
16234
12564
1008
14058
13365
1276
7179
3965
13545
18192
19795
19132
18603
16329
12270
19733
11732
12372
12374
8986
10691
17667
10170
12547
548
14213
2988
17241
19134
14649
6477
801
19929
12820
8883
5087
8581
9819
1210
5981
6130
2019
2255
2026
9878
7660
5304
2359
144
5792
11696
16125
4798
1403
17938
7787
11901
3753
9279
12366
3612
2927
12544
19083
2950
6440
17550
8513
13507
10839
6956
5960
13513
7037
9403
16018
13536
19113
13554
3054
14460
19010
731
1160
11369
18724
9194
9240
9253
14230
14635
9847
9854
10070
9583
12322
19941
19058
7969
6511
6703
1904
2878
3120
1127
4388
617
15496
3243
8772
16547
4994
1777
5180
3305
7247
15292
16673
10788
4955
14218
14440
8845
6209
15430
15547
13779
12428
12539
15953
2647
18142
7977
6250
13870
4553
12322
19779
19398
10881
12564
12308
3196
11095
11211
3588
8452
19524
3510
6926
3516
9290
4827
11136
11144
15552
9983
2999
3517
3595
16171
15501
3518
11349
2370
3522
3897
7983
3540
15311
7625
6934
4199
3606
18095
13055
18003
2237
15394
10193
16479
7310
6301
16978
12606
16095
11243
15659
2730
17158
10784
10804
13068
8339
15286
3271
1558
4658
14253
14916
7024
5751
6148
18857
7460
4902
6583
15007
6761
5874
865
9095
12584
5298
14948
11270
16339
19818
3080
11681
5283
16386
839
8401
17349
2619
2065
10129
671
5328
5330
18058
11258
13840
12757
1375
1749
8281
15765
16783
17113
3687
9677
1817
18710
3997
12009
8054
5882
5890
14316
18492
5917
2650
17774
13895
7402
19307
13890
14537
6302
14187
6904
18775
808
8469
1410
16711
9540
4512
18412
16717
6189
12367
8342
2138
15490
18204
18205
8554
6307
6385
10741
18215
1984
3352
18220
10797
6452
13629
3793
8055
6975
6200
15247
1068
578
18083
10065
14964
15780
12549
1184
8463
5699
7416
291
19393
3517
12670
2154
2174
7958
1911
4388
2217
8317
3700
3707
370
487
11209
3923
9573
10980
6296
19819
8628
4955
4152
19900
7076
9328
8461
11343
14956
13084
16878
14574
11203
9800
10979
16849
361
8694
9266
13985
6325
17135
3579
17254
17256
17267
10092
11445
19643
11700
16956
9082
13213
13435
19992
19857
6332
18981
11358
5997
295
14725
13163
4888
4667
4687
18582
11591
17438
15568
6724
9116
12687
7794
16226
10202
16972
12752
191
12767
19464
2756
4717
7412
19797
5486
13660
19264
831
7788
9261
8538
10813
9483
10672
15812
17448
713
7980
12427
1111
11247
11716
2014
10393
11242
11087
10667
11430
4827
19
11361
6144
14501
6397
18077
6565
17307
8103
3888
10280
16719
6165
1970
4129
3566
235
13022
9087
9309
2196
16444
13119
5104
18690
6177
14195
9072
7417
14779
19148
19970
6531
12115
101
5375
5395
13948
12936
7525
3939
5012
12127
16538
3144
17873
14494
11603
19231
15260
15285
10654
18062
7041
17272
15590
18426
19871
3377
9478
6424
13418
8179
368
6114
8509
13538
2420
14849
19225
14656
14471
5295
13922
14966
12882
8206
3146
3243
9558
3153
17181
4170
15870
19817
18976
617
11378
10188
9811
17425
11111
6280
400
19749
17523
1249
2943
4016
6657
12907
17009
14871
1834
7441
17105
5891
5784
18115
5272
4772
18142
5929
6965
17226
11462
19389
19157
4836
18477
17591
3430
734
2635
13200
16052
4859
5082
11465
17611
15748
14313
2367
2380
8175
19843
15098
6660
10136
2225
10156
2907
16082
16187
17140
9742
9024
10079
3209
9384
12120
10324
6662
1427
5074
319
10258
9048
15721
5259
5788
6250
17118
6364
14339
18856
8188
10316
10538
19567
2467
10835
17663
3244
845
18127
18537
18324
2585
17337
15393
12619
18103
8087
6979
17293
13885
8894
18043
3695
3748
18112
8096
7339
12020
12034
18414
18418
11827
1978
7543
17806
9042
4814
5012
8100
16777
11716
19310
9953
16077
8761
14733
2500
467
16539
899
9631
10619
10528
7539
6924
18268
7740
15520
12281
12307
19335
12743
6468
13545
7100
15701
15766
8114
10116
13118
7865
13999
6294
14902
14830
14420
17357
1692
7928
1725
7931
2982
14459
6304
15981
7487
115
1234
4507
412
4571
5283
4869
13993
9171
1506
13265
17836
19560
6305
14988
18466
6486
8165
3259
16932
16939
16977
12736
3261
7866
7003
3920
9566
8166
9578
10059
6109
12362
10548
1298
11430
10579
12031
9627
18514
16064
7233
422
11665
9665
9710
9720
253
13384
9839
7321
9876
2765
9878
15159
10995
18139
1053
13905
18962
14136
9910
15675
4079
7560
8177
17027
18294
2601
8789
13640
10470
19502
12141
565
10041
6496
1764
10106
8184
10173
7611
14071
5118
6306
7719
5329
1083
12154
1205
1422
716
4921
2416
4269
9336
9756
10763
102
18897
14642
8447
2468
3301
2115
3823
3830
19492
4046
13632
9761
5339
13566
9590
17033
14096
12750
787
15749
18231
1471
10006
10179
1481
25
15756
1864
16079
3802
1327
16517
5194
4222
16798
16707
16905
732
19555
16209
6018
6025
16978
11303
4253
6168
4651
200
5872
8359
18768
19465
15254
1736
16356
19858
17877
7237
14763
5436
12033
8308
11185
19938
18368
19071
10386
10584
653
6690
6310
10047
19091
19092
19106
5673
4240
14905
10118
14978
19241
2046
2559
7249
5992
15037
7851
10353
7082
10373
14048
14231
5688
5910
1402
14907
15129
1665
4372
18740
2963
16331
16168
4898
16526
2990
6952
8014
16709
19786
958
4190
6595
4230
11766
4452
11913
7261
16533
11841
19024
10232
14017
9091
1376
5619
11700
13013
5067
6580
19156
12522
13327
19328
15133
3709
5537
7603
9593
16769
16079
9771
10007
5452
13184
1061
5888
15165
15731
10524
1933
8514
14377
4009
11490
6966
12378
11041
7264
19646
8341
18324
3373
17810
7320
9468
16314
877
3103
7702
7709
18665
2651
5339
15561
6585
19802
10692
10748
18590
16340
19334
19468
7017
8372
16301
7973
672
9969
2636
1158
14533
2640
7351
2717
19816
5448
3215
3245
3286
3443
10485
760
9733
9746
9224
1865
1699
11430
17305
16723
14908
9826
7757
7888
2808
2838
2879
835
7656
7663
843
4453
13117
8330
5982
12088
18363
12946
18775
1150
3679
18393
16542
2
5304
16604
6043
7601
7607
17083
4491
12505
4386
7529
8571
5432
2964
3010
19430
6019
7533
14937
7537
16901
11722
4445
7073
8228
14612
10191
6428
15971
15142
848
15392
9232
8309
2244
7871
19840
12420
8561
12618
17744
18179
22
6315
18508
16151
13946
9145
7698
12878
18067
7037
19351
3219
6324
10152
3175
5665
10634
11341
6405
15140
6552
769
5492
18268
13810
10695
10332
8796
19478
10411
9563
2987
19426
10497
8959
14861
12766
1650
1077
13193
13711
19408
3552
19630
19762
12907
2405
2067
2621
6225
16630
15240
7607
5441
16199
9949
15342
10569
10571
8940
722
736
19926
17659
14509
2220
2329
10694
3893
4025
10629
5428
8806
1223
8440
13161
9937
6880
1745
4045
10413
2873
6411
4753
11240
13889
6622
14998
13309
19298
11969
19516
5666
13583
1090
19021
9572
8371
13060
10304
5875
4699
10746
3342
5841
17934
2172
17346
7045
14772
8593
15889
7060
13464
5981
7313
13469
11848
1297
11436
17489
19525
15683
13247
9668
13249
12809
17858
6699
15828
9753
10826
10963
1879
9916
12528
12378
2791
2008
6989
6796
4529
9643
18316
18147
18740
2477
4804
8822
10658
8446
5149
10946
14198
3156
17136
11236
11240
3794
2950
11041
11057
19750
9357
12194
13432
11133
10262
16830
19849
5365
5909
16613
11247
14961
11372
17430
2849
969
13838
8
419
15397
13367
4792
5802
4768
5170
6268
9537
19797
15225
15245
17444
17445
19317
7695
12976
19537
19478
5546
4611
19297
3801
12156
1282
8025
16967
6296
4591
7489
7643
12721
11506
13343
16376
9240
16136
5135
15700
5266
18359
6955
13983
14010
12636
12656
11912
16863
11590
2584
9599
16996
19088
10527
8829
8026
6127
8052
5148
17016
4510
14699
14144
15302
10500
13246
17347
17349
19903
1224
12067
14301
8318
19892
16270
2799
4414
8836
4684
11057
3537
2396
17496
476
11698
9300
18874
11703
19595
5462
16351
707
15609
9844
5417
11587
1553
16910
11918
13523
6358
2593
210
6367
17348
2657
6369
10476
13536
6789
18273
12847
216
11808
12081
3897
2985
4558
13421
3007
4057
4240
163
5489
5711
364
17590
18722
19383
12133
12756
6365
19380
12821
12618
16508
12837
2940
18745
16946
8100
18350
6328
8375
9104
14625
14635
14267
6096
15096
15838
8886
17934
10510
4954
7202
10011
18801
18984
1705
6722
1927
6916
10872
18729
19445
14873
10924
18950
8934
19220
14490
2259
14510
14922
9438
9367
2137
12527
13505
4030
12541
14923
12688
4399
4424
19452
12167
1619
1874
12630
14938
14714
10791
11044
15846
16951
12663
14109
11452
16850
5126
19718
16164
18827
7607
11141
7750
8002
12366
12373
17761
9150
2595
12589
15551
16234
18561
7045
12600
417
4683
14867
1323
7973
3357
6161
3155
6982
19117
10411
14127
6420
11970
6422
12563
19169
14147
1500
8384
13861
6868
13392
18051
4488
16266
15234
2951
2953
15413
18960
10715
17774
14939
4604
11484
6332
19069
13066
8048
19177
8068
1383
548
18947
16690
5315
11344
10063
9055
19437
10931
9420
10951
4204
18916
4328
829
17902
17454
15505
9056
15001
15034
155
18949
5548
5549
3218
5559
3548
8713
8720
18959
2841
3096
10056
10479
19353
18880
291
576
15169
5700
8201
5193
2420
379
2645
5755
9373
5757
17269
7790
9779
12896
19622
6766
5509
4687
6722
10432
4364
5327
10164
15527
5895
14412
6392
9586
2351
9064
1568
2810
15347
6651
9066
14404
14085
19279
19283
16438
3136
5320
3314
19289
12611
12556
12866
11576
16434
7186
8614
9051
19446
7050
13312
9736
3464
8352
19075
9818
18422
10668
441
4403
19348
18253
9286
12415
13973
12237
13310
16924
19143
7039
9469
15305
16428
5708
9392
7437
17608
14936
10254
19896
13631
15857
4223
19935
16166
19086
9070
17414
552
13058
9975
6285
19458
12920
14590
17787
10001
16188
13134
14207
6833
19497
7326
10151
9152
9160
2758
5507
19201
9185
3215
465
7011
6280
7341
3351
14864
19209
9528
12809
14908
16976
9434
10507
4550
9199
12156
6325
19005
9311
7378
7495
7213
4439
14134
6744
14931
15708
7562
9911
1208
12675
7815
18775
19436
14464
19425
7817
16022
13666
1939
5132
18181
406
18467
13004
3359
18623
10962
1861
14790
12840
8343
6206
14902
13564
18664
14103
2267
1452
5582
1069
2520
4793
511
19341
7296
8369
14384
15101
6579
6443
14988
9205
16390
11996
19811
19813
6105
198
4555
10414
2923
4557
14958
12368
1239
3419
5068
5073
10887
11965
15681
19507
19115
4558
19570
6041
742
6318
18875
19535
2026
6959
14480
1662
2321
15119
6968
18337
18018
7221
18823
7222
3159
4348
13638
9001
1597
12301
12833
5125
15374
5536
11755
9261
5714
5747
14960
10716
17908
18411
11377
5815
16446
9305
9268
13160
13313
13323
16161
16106
16113
16151
16329
3724
16301
15728
15504
2365
2372
6672
7382
3837
7253
10604
8901
8971
13104
4260
14605
17590
17592
17260
1173
11284
4709
15125
7779
15016
6428
18004
9637
5960
19139
10143
18758
2992
6500
4234
19285
5037
14108
19006
19865
6057
3387
5446
15788
6077
19291
11210
14552
1483
150
19011
15746
7216
12769
11527
13885
9040
13718
12925
5061
366
19274
9501
7010
15549
9504
6618
199
18495
18332
13458
12262
7296
18515
8129
11448
4534
9432
19310
10302
7571
13107
3979
416
17548
17550
154
3825
4681
9769
18012
5166
12431
14742
17723
14351
18209
10102
6828
6297
722
4438
6683
6685
8078
1069
1267
2042
2432
12133
16368
7392
7848
4458
2324
14400
12792
13755
2625
16646
10021
17210
16561
1052
17004
7789
14446
17138
4143
11342
9566
15412
4194
8822
4435
6657
10265
13037
19802
7661
6368
3106
9741
16166
1464
8413
4212
7869
5248
11673
5330
10007
18816
11662
4634
13559
4930
873
11503
17856
12416
5175
12879
1006
13299
14978
16051
17477
16138
18468
10147
16687
4209
2824
4341
6394
9800
15487
3663
18780
3245
17114
831
9278
19012
15346
5967
15429
8627
13777
6717
15076
18414
18560
2555
1731
13391
1491
2797
18077
5036
6309
12339
9140
735
14825
11127
3576
612
614
9940
15854
13988
16182
13957
12793
4262
3122
6762
10558
6110
5813
1993
15952
12601
13012
15189
2204
5121
9327
7186
1969
6845
7928
17176
10428
10547
10958
2393
2387
2636
1305
480
8673
8330
19913
168
6261
1914
8430
9091
13900
13720
11919
8985
11291
10236
19173
15676
10918
15952
11166
12944
1239
5641
9355
11330
14448
14108
657
2540
5291
10488
11253
15367
7212
18227
8734
15405
8473
15409
3486
8728
16430
7823
9897
15267
12785
19137
6836
10798
2925
4391
10284
12314
6294
16089
19988
18642
9267
9489
13236
8840
13893
14115
13952
537
3006
12247
19146
6856
11522
2657
13304
7140
19121
10224
11107
16589
18591
6652
6698
1134
13133
8777
8210
7238
10311
11988
10533
19298
7606
7284
9350
8612
14787
10696
2019
9879
8333
7194
6343
10403
2213
11990
15855
15328
12277
5389
12185
5601
7428
11838
6741
10804
19777
10383
12512
12996
16329
12997
14420
13010
13997
497
13125
13657
16158
10066
13919
1476
1368
1287
19870
15813
12743
13285
11500
6348
6064
10191
11655
11657
11924
17319
17321
18112
13734
18836
228
7621
16851
10724
3165
3198
11093
11856
5281
1633
11867
11712
6727
13277
18080
12429
6308
11692
4473
14409
104
124
8556
12477
11528
9405
9592
12440
19202
8999
17233
17266
6132
1424
7430
9252
18781
1909
9263
16647
19951
6474
9851
16645
8121
18849
3381
10125
4225
5298
12148
12481
6130
2258
3931
5004
9460
12068
9461
9642
1361
9107
1702
1163
10071
10072
641
12479
12054
5937
9658
6569
12490
15998
15111
15113
2802
15030
2514
2516
17665
12931
8504
8511
12314
15797
3226
15993
7984
5133
11397
7220
3220
11509
6357
17900
6061
6469
6476
15928
8901
16874
16247
9188
8971
12615
8263
8579
11181
5635
9336
6661
4794
6974
8047
11499
13291
6118
16192
3742
3753
4123
4148
4346
6235
11491
263
1336
5524
5528
18397
5989
7062
1288
13161
5078
9091
1343
18979
8122
7052
7055
4199
13272
6459
11354
6605
15095
16168
15494
9162
10192
8527
6890
7870
1947
3592
15373
4888
16934
4895
14219
7800
17885
5111
11494
651
17167
2885
16539
17012
13144
13867
19330
107
18792
4508
5581
1144
18030
18032
14658
18241
11674
14796
13740
1726
34
8813
11181
4862
5322
16729
12694
11278
3922
9348
14137
12906
12908
12924
14920
3851
18390
10278
19811
1108
13788
13679
13681
1415
15710
9830
5114
11697
11699
8145
11160
12354
7911
1173
7913
59
1310
1635
14071
9540
10613
6759
14301
1766
1832
12101
1419
56
14955
9741
15552
2588
961
2093
17425
6989
10051
11124
7121
16055
19929
6245
4114
6200
6178
17778
19313
15166
17444
14566
5938
799
19522
7075
1024
5687
7902
8587
14928
881
5707
8764
5418
3511
7164
19431
19438
19654
9327
9415
7634
19262
15747
4003
8083
507
8078
18904
3499
4572
8867
19727
1846
2949
9746
9889
9158
12440
8575
6460
8806
18019
14142
7049
14160
4801
3425
13157
8290
14230
19779
16603
9674
9676
19187
9692
19952
10765
16722
16724
12752
12294
6403
17771
18386
5664
18455
12806
17507
8432
6133
12841
18237
18368
18375
13939
18591
17716
4974
371
18023
17905
5392
1301
3034
353
7726
12286
5435
5185
19936
15144
16658
9828
9829
9961
16673
11034
19335
19500
4237
6274
6632
2895
16889
17451
19906
9890
6467
5820
13509
4882
5192
196
15204
14521
19294
6532
7304
14170
5274
7311
12876
706
2557
6273
7240
18791
740
11044
7266
25
7299
7346
9891
6500
12372
12504
14615
14696
14252
6019
5936
8458
19855
7582
15520
16108
16133
5410
2623
2648
15184
10477
1302
15401
16242
11102
13387
2128
15812
616
19782
3366
10102
2102
3430
4434
1559
18639
15195
15448
15450
8359
19192
13435
283
16582
16502
16513
14099
17375
11398
2181
2407
9599
17103
17121
7186
13523
6128
16741
17490
19622
695
7961
3076
16819
12788
13966
1471
9609
8910
13012
13541
11686
9460
7828
5976
16124
2730
5089
3094
8680
14341
6997
3042
12422
18524
3946
15214
19026
2623
15016
2878
17451
7824
15611
15618
11566
15834
6330
10604
11265
11272
7979
18820
10529
7820
19289
19899
5727
5729
12423
11912
10206
15507
16300
14385
19269
15782
19745
16687
19912
17193
7615
11957
7308
14543
12642
2032
10938
19356
1638
16047
14301
11160
12233
6938
9064
14691
14696
10668
9729
12470
11741
5054
8441
12046
1658
5951
16630
17703
3936
16314
16223
19913
18018
4034
11268
8004
19665
18870
4769
758
4992
4850
11272
3691
14346
10460
6297
12638
8047
9894
11402
1350
6565
17764
18025
16892
15056
18045
11409
7710
19875
9781
16525
1935
4042
5047
17226
2423
10426
17134
17141
13923
17357
12895
10174
2795
13086
4945
1616
3399
16848
19459
6449
532
16408
13799
14052
11025
9227
16888
8899
13782
19917
18730
3902
9891
10496
5962
16847
916
9902
4803
9911
18742
13220
4964
8922
19743
6626
19399
3360
7115
7117
5070
19008
7380
13127
16984
573
13918
14665
15787
6675
16245
19106
13920
11232
416
19412
18925
19354
16457
16471
3691
16473
2661
1138
8445
8450
5127
8066
7784
6409
2710
12129
12134
18231
2309
17880
13981
189
5384
13310
19331
18155
19362
18587
18607
18759
432
12236
19008
12434
19168
1393
6297
1316
17306
6756
11499
4892
4260
5781
8724
15413
3737
16719
3745
7993
7686
9296
8353
18093
18832
8013
8121
8101
4921
16359
9549
11630
1391
15823
18195
10983
2928
6596
15382
15802
6360
9977
9595
9829
12943
10453
3346
7168
14049
15464
3607
16229
17605
19997
44
8063
988
8332
1833
8530
1721
738
3859
1
4400
4820
4948
18666
16079
2213
18864
11255
11803
2489
5722
3222
3953
5987
161
431
14320
17910
16164
12730
12675
13086
7466
11280
14342
12507
14452
1955
17031
7030
17163
2337
413
9896
15466
10512
9220
2827
11375
8334
445
134
14537
4247
4908
2216
11924
19091
16263
17336
13663
18122
1806
994
13031
10131
1173
10792
4583
1912
12148
1203
11884
13602
12401
9936
16542
12815
11904
18822
467
1106
7237
10903
5798
10935
5439
6610
1680
1684
4656
11706
18051
12342
7239
4795
5408
11874
7302
5104
15788
9027
16151
3305
13620
6850
16412
12917
7683
1315
12291
5587
13694
1410
12473
8961
8162
17
10444
4822
19556
19984
5456
10521
19560
5711
2588
2017
9107
10794
14623
9227
8159
8571
8411
3097
4944
17520
17522
15443
2309
10104
14844
10055
13459
17925
11936
5392
11472
18738
12313
12166
12459
7566
2938
3084
19174
12368
5224
13665
12634
12830
5244
12859
12551
2905
12571
15924
17295
18084
926
15174
1379
15998
16000
11130
15243
16412
12013
10859
14607
18958
10875
18569
787
10320
7803
14281
13182
18802
9392
16028
16030
2923
3088
4743
1704
8762
18107
9873
10028
4072
12938
13228
16358
13930
14387
12956
14029
12895
3601
3583
3817
6075
1837
3701
14391
16032
582
19327
15818
15820
13216
15831
2697
16123
121
15078
3627
12218
10032
18976
1760
4945
1840
1609
7408
3890
4047
4253
8920
16647
6699
5253
12748
8205
14438
17548
3342
6021
5762
4726
2998
6136
7321
2585
1701
5413
18442
17342
1703
5668
7904
2599
6147
7684
2952
1312
3348
81
8219
9453
18308
12563
12999
1641
10358
12790
77
9555
7419
6351
10496
11540
12754
12791
9840
1254
8421
17306
2029
499
1809
4854
3401
10384
10217
9429
10653
5140
5145
5203
11807
4655
4878
5209
5289
18368
4715
19017
13077
16710
7513
12337
5221
19536
3081
1082
13682
7246
4938
13686
5353
9743
4381
3443
17953
10873
15494
7532
4133
16510
1558
2
19030
18126
13152
4615
11401
12474
15637
18293
19716
5838
2454
7578
13281
11163
19091
10348
11314
12816
15343
6358
13838
13650
4939
6012
17886
17151
10507
11580
11786
6937
4995
1751
3184
388
15072
332
13361
3153
16517
15640
19577
1098
2171
11373
5186
3415
10122
7738
11840
9991
18918
10246
5361
12046
3026
9387
10557
7550
2223
4236
4044
9559
17170
10819
13512
13532
7216
7227
9353
4478
10892
3463
9257
12972
15920
8176
9309
495
8190
15615
18241
14321
4623
7135
1793
1956
8465
19167
15731
14370
12939
13162
12615
12900
3196
3203
7025
5777
3419
7131
1917
19343
8633
14597
19755
19767
4406
13284
18482
963
882
9207
4060
14079
8040
14244
10281
19372
10283
19983
10090
19095
5257
2707
13084
19293
16249
19298
19204
13592
10171
10223
10415
13190
13218
17849
7920
3184
18109
8739
19757
17810
5678
17668
8846
16397
531
2245
7552
18028
15801
17091
5690
17202
5548
18124
18196
18877
4699
14507
1808
18205
879
9108
6917
12621
7095
916
11528
9174
2842
14171
6223
18615
4779
14262
9177
19401
6316
19120
9864
5748
18851
4467
7660
3811
1163
14116
9409
5268
11594
73
2774
1775
10611
14661
9442
7185
18806
12434
15411
11173
13868
228
692
14088
5124
12801
1378
14489
15562
1107
1624
18245
17915
5400
5443
18310
2929
15749
18790
16071
16073
18903
3933
13046
11520
4461
9065
4659
9958
2875
11042
5357
12024
6365
5344
5381
14985
15142
8180
10793
18521
8199
12020
14801
18477
521
14988
14720
5875
10153
19929
19935
15150
10119
181
182
6107
1762
9240
6437
18153
17281
13875
6655
278
17130
5391
15179
11160
18110
16279
18741
12258
18963
6892
16880
5767
1015
18652
15617
15630
18656
4471
4644
4651
11250
16285
11905
13633
13711
8899
13847
14299
14304
14311
8243
14349
8536
10908
13678
17493
14527
9020
17502
2987
13860
17480
19405
17225
12029
17494
1629
17666
1669
1800
11387
1891
17024
17824
15183
15187
17074
5760
2547
2554
4870
2770
8802
2275
9153
1682
15258
19526
17286
10160
7549
13970
7920
4995
2096
6316
13190
9482
17068
15381
13342
13360
13362
10074
12377
17250
7804
3220
6361
7813
11921
13424
11473
5852
745
12345
15074
16557
18023
16163
5557
19695
15149
12704
1185
1193
18220
8503
8436
1746
12683
973
12304
5362
6106
12712
10724
4374
4464
1285
7253
9863
10277
16399
8410
3139
10651
11712
11714
18992
9217
18768
5967
11500
17503
353
11897
4084
10430
12098
15619
18031
10681
5849
16859
16817
18859
4264
12130
19532
9805
18737
19586
249
12860
5745
1993
6000
17309
13186
18637
5243
2013
4900
8210
9697
8341
2138
5938
12560
12163
15885
6882
12098
12731
17097
17110
344
10215
17328
5524
17417
11940
4815
2851
7971
17639
12400
5919
16430
5954
8830
7474
5605
9270
18912
7078
14560
5952
15781
19360
7126
9643
18466
4119
19537
19539
11752
11772
16584
4934
15817
16426
11522
6370
323
10307
17814
14373
239
7988
7019
7192
7199
3275
7415
8002
10768
3501
7890
601
7593
15609
247
12431
12922
327
11988
18379
5829
10212
7584
15105
2287
18712
3864
11063
10876
3733
17071
12366
10096
379
1652
383
12736
4019
396
16666
12583
4298
534
1989
16949
11032
2211
18611
15147
17971
11024
17755
14070
8540
13570
5859
13132
13139
6081
8254
12503
4370
16964
6156
17888
55
15152
18899
10720
3296
4174
15999
8895
13649
14784
15006
13979
1428
17409
13267
18428
8464
3056
8238
714
16641
9267
993
14065
17096
1229
12385
18462
9412
17300
17516
13353
10915
16863
15134
3287
19693
899
2326
12864
7756
16699
16879
1657
16925
18625
19454
